302.363 -48.831
359.789 -30.623
238.936 11.195
243.580 -51.820
244.100 -50.900
248.040 -47.820
248.740 -47.270
250.158 -46.573
255.683 -42.016
257.100 -41.090
258.490 -38.200
266.259 -30.371
266.847 -28.152
271.130 -21.700
273.400 -17.840
276.454 -13.776
278.690 -8.760
279.410 -6.950
330.680 42.278
35.673 43.043
94.213 22.503
266.415 -29.006
201.360 -43.012
174.110 70.157
215.037 -60.760
214.517 -60.975
128.412 -45.003
98.521 17.804
310.042 -0.871
83.633 22.015
38.222 20.273
299.590 35.201
155.850 -57.790
87.660 -32.270
98.253 5.794
281.037 -3.589
246.517 -49.087
35.800 43.012
216.967 -60.850
278.396 -10.572
263.012 -34.755
280.229 -5.550
284.296 2.667
284.583 2.090
304.646 36.833
257.426 -44.483
57.346 -11.977
286.975 6.269
307.180 41.310
228.482 -59.136
135.528 -40.555
299.903 20.804
153.767 49.434
259.529 -38.550
272.629 -19.300
28.140 1.778
288.204 10.152
258.562 -38.524
185.382 28.233
122.496 52.317
285.009 3.947
270.426 -23.335
270.491 -23.962
270.110 -24.039
300.315 43.879
194.046 -5.789
281.600 -2.974
220.759 -62.449
225.829 -58.261
209.000 -64.500
225.513 -41.118
110.472 71.343
107.610 59.150
336.996 60.877
97.955 10.570
98.117 17.367
290.730 14.191
298.614 28.648
299.532 28.803
305.399 40.439
337.183 61.167
216.750 23.794
251.708 -45.820
282.121 -1.792
282.233 -0.041
265.314 -30.377
280.950 -3.554
257.046 -44.333
292.633 18.870
148.970 69.679
11.886 -25.290
80.438 21.214
49.946 18.762
64.221 1.089
76.984 67.623
305.020 40.757
229.424 -24.372
72.368 -43.837
226.720 -62.350
169.750 -61.400
228.218 -9.106
102.190 15.270
49.179 41.325
6.340 64.130
186.227 21.379
342.527 38.433
49.950 41.512
3.467 -18.891
295.979 21.302
152.563 -31.305
198.744 -42.597
287.614 9.190
287.780 9.160
184.452 30.102
156.660 -58.200
226.014 -41.803
224.442 -59.467
269.715 -24.052
262.396 -34.539
266.005 19.546
1.608 72.984
304.008 37.198
8.820 59.790
278.208 -9.377
277.854 -9.900
262.077 50.219
274.520 -15.467
266.954 -24.808
238.654 -55.091
84.433 -69.166
154.742 -58.945
102.694 25.050
8.393 -19.359
45.848 -24.127
224.912 -60.780
272.155 -20.427
250.259 -46.304
24.135 39.100
186.101 24.607
261.268 11.871
287.650 7.350
62.350 -6.450
131.804 11.564
259.491 -37.444
174.125 67.618
31.379 64.850
128.836 -45.176
35.273 35.937
83.979 -69.186
81.259 -69.644
340.967 20.320
149.696 65.565
304.854 36.804
154.129 -58.980
307.800 42.500
220.987 25.029
187.559 25.302
18.024 22.744
220.988 -39.144
96.743 -35.497
233.500 -57.100
266.582 -28.966
273.340 -12.687
276.501 -13.034
277.245 -9.993
278.125 -8.511
281.172 -3.093
286.100 8.000
280.500 -4.600
266.599 -28.876
284.304 2.625
284.398 2.967
283.058 0.099
267.887 9.650
309.848 52.331
114.821 1.603
314.178 49.669
266.604 -28.882
133.705 20.100
105.120 14.320
124.980 15.790
160.220 30.870
197.310 -5.490
277.340 7.030
283.010 1.380
285.510 4.860
286.790 8.500
288.680 11.720
290.300 13.130
292.150 17.780
294.742 23.810
297.420 24.460
298.260 29.480
298.830 28.590
301.550 34.180
161.146 -59.666
84.000 -67.586
39.635 -31.283
281.070 -3.250
279.360 -6.580
276.460 -13.400
77.354 5.702
308.042 41.459
85.780 23.400
179.882 29.246
176.271 19.606
266.571 -30.841
113.361 51.898
98.476 17.770
98.710 7.000
274.830 -15.060
273.520 -17.310
288.404 4.930
287.654 5.037
351.200 -40.660
54.505 -26.946
279.340 -7.280
278.860 -6.940
33.575 51.748
229.515 -27.526
0.532 -2.935
44.544 -8.958
310.525 24.448
215.627 32.386
257.428 -44.485
83.629 22.012
166.079 38.195
253.468 39.760
356.767 51.714
217.136 42.672
299.999 65.149
187.697 12.398
266.415 -29.006
350.808 58.807
225.708 -41.942
258.390 -39.760
220.812 12.003
128.750 -45.600
307.887 41.577
305.000 38.000
40.142 61.257
329.720 -30.222
185.360 30.191
170.312 -60.623
195.705 -63.831
195.700 -63.178
228.529 -59.157
276.562 -14.825
165.902 -23.496
133.000 -46.367
11.775 -25.310
