PKS 2005-489  
20 09 27.0  
-48 49 52 
H 2356-309  
23 59 09.42 
-30 37 22.7 
PG 1553+113 
15 55 44.7  
+11 11 41 
HESS J1614-518  
16 14 19.2  
-51 49 12 
HESS J1616-508  
16 16 24.0  
-50 54 00 
HESS J1632-478  
16 32 09.6  
-47 49 12 
HESS J1634-472  
16 34 57.6  
-47 16 12 
HESS J1640-465  
16 40 38  
-46 34 23 
HESS J1702-420  
17 02 44  
-42 00 57 
HESS J1708-410  
17 08 24  
-41 05 24 
CTB 37B 
17 13 57.6  
-38 12 00 
HESS J1745-303  
17 45 02.10 
-30 22 14.00  
SNR G000.9+00.1 
17 47 23.2  
-28 09 06 
HESS J1804-216  
18 04 31.2  
-21 42 00 
HESS J1813-178  
18 13 36.0  
-17 50 24 
HESS J1825-137  
18 25 49  
-13 46 35 
HESS J1834-087  
18 34 45.6  
-08 45 36 
HESS J1837-069  
18 37 38.4  
-06 57 00 
BL Lacertae 
22 02 43.3  
+42 16 40 
3C 66A  
02 22 41.6  
+43 02 35.5 
IC 443  
06 16 51  
+22 30 11 
Galactic Centre Ridge 
17 45 39.6  
-29 00 22 
Centaurus A 
13 25 26.4  
-43 00 42 
Markarian 180 
11 36 26.4  
+70 09 27 
Kookaburra (PWN)  
14 20 09  
-60 45 36 
Kookaburra (Rabbit) 
14 18 04  
-60 58 31 
Vela Region 
08 33 39  
-45 00 10 
Geminga Pulsar  
06 34 05  
+17 48 13 
AE Aquarii  
20 40 10  
-00 52 16 
Crab Pulsar 
05 34 31.9  
+22 00 52.2 
1ES 0229+200  
02 32 53.2  
+20 16 21 
Cygnus X-1  
19 58 21.70 
+35 12 05.08  
Westerlund 2  
10 23 24  
-57 47 24 
PKS 0548-322  
05 50 38.4  
-32 16 12.9 
HESS J0632+057  
06 33 00.8  
+05 47 39 
0FGL J1844.1-0335 
18 44 08.87 
-03 35 21.4 
HESS J1626-490  
16 26 04  
-49 05 13 
MAGIC J0223+403 
02 23 12  
+43 00 42 
HESS J1427-608  
14 27 52  
-60 51 00 
HESS J1833-105  
18 33 35  
-10 34 18 
HESS J1731-347  
17 32 03  
-34 45 18 
HESS J1841-055  
18 40 55  
-05 33 00 
HESS J1857+026  
18 57 11  
+02 40 00 
HESS J1858+020  
18 58 20  
+02 05 24 
MGRO J2019+37 
20 18 35.03 
+36 50 00.0 
PSR B1706-44  
17 09 42.2  
-44 28 57 
1ES 0347-121  
03 49 23.0  
-11 58 38 
MGRO J1908+06 
19 07 54  
+06 16 07 
MGRO J2031+41 
20 28 43.2  
+41 18 36 
PSR B1509-58  
15 13 55.6  
-59 08 09 
Vela X-1  
09 02 06.8  
-40 33 17 
PSR B1957+20  
19 59 36.8  
+20 48 15 
1ES 1011+496  
10 15 04.1  
+49 26 01 
HESS J1718-385  
17 18 07  
-38 33 00 
HESS J1809-193  
18 10 31  
-19 18 00 
RGB J0152+017 
01 52 33.5  
+01 46 40.3 
HESS J1912+101  
19 12 49  
+10 09 06 
CTB 37A 
17 14 15  
-38 31 27 
W Comae 
12 21 31.7  
+28 13 59 
1ES 0806+524  
08 09 59  
+52 19 00 
0FGL J1900.0+0356 
19 00 02.21 
+03 56 48.3 
W 28  
18 01 42.2  
-23 20 06.0 
HESS J1800-240A 
18 01 57.8  
-23 57 43.2 
HESS J1800-240B 
18 00 26.4  
-24 02 20.4 
MAGIC J2001+435 
20 01 15.6  
+43 52 44.4 
3C 279  
12 56 11.1  
-05 47 22 
HESS J1846-029  
18 46 24  
-02 58 26 
RCW 86  
14 43 02.16 
-62 26 56 
HESS J1503-582  
15 03 19  
-58 15 40 
HESS J1356-645  
13 56 00  
-64 30 00 
SN 1006 SW  
15 02 03.2  
-41 07 05 
S5 0716+714 
07 21 53.4  
+71 20 36 
RGB J0710+591 
07 10 26.4  
+59 09 00 
SNR G106.3+02.7 
22 27 59  
+60 52 37 
0FGL J0631.8+1034 
06 31 49.22 
+10 34 12.7 
Geminga 
06 32 28  
+17 22 00 
W 51  
19 22 55.2  
+14 11 27.6 
0FGL J1954.4+2838 
19 54 27.47 
+28 38 54.6 
0FGL J1958.1+2848 
19 58 07.61 
+28 48 11.9 
0FGL J2021.5+4026 
20 21 35.77 
+40 26 20.8 
Boomerang 
22 28 44  
+61 10 00 
PKS 1424+240  
14 27 00  
+23 47 40 
Westerlund 1  
16 46 50  
-45 49 12 
HESS J1848-018  
18 48 29  
-01 47 32.3 
IGR J18490-0000 
18 48 56  
-00 02 28 
HESS J1741-302  
17 41 15.4  
-30 22 37.4 
HESS J1843-033  
18 43 48  
-03 33 14 
HESS J1708-443  
17 08 11  
-44 20 00 
SNR G054.1+00.3 
19 30 32  
+18 52 12 
M 82  
09 55 52.7  
+69 40 46 
NGC 253 
00 47 32.54 
-25 17 25.4 
VER J0521+211 
05 21 45  
+21 12 51.4 
RBS 0413  
03 19 47  
+18 45 42 
1ES 0414+009  
04 16 52.96 
+01 05 20.4 
1ES 0502+675  
05 07 56.2  
+67 37 24 
VER J2019+407 
20 20 04.8  
+40 45 26 
AP Librae 
15 17 41.8  
-24 22 19 
PKS 0447-439  
04 49 28.2  
-43 50 12 
HESS J1507-622  
15 06 52.8  
-62 21 00.0 
SNR G292.2-00.5 
11 19 00  
-61 24 00 
PKS 1510-089  
15 12 52.2  
-09 06 21.6 
RX J0648.7+1516 
06 48 45.6  
+15 16 12 
IC 310  
03 16 43.0  
+41 19 29 
Tycho 
00 25 21.6  
+64 07 48 
4C +21.35 
12 24 54.4  
+21 22 46 
B3 2247+381 
22 50 06.6  
+38 25 58 
NGC 1275  
03 19 48.1  
+41 30 42 
SHBL J001355.9-185406 
00 13 52.0  
-18 53 29 
HESS J1943+213  
19 43 55  
+21 18 08 
1RXS J101015.9-311909 
10 10 15.03 
-31 18 18.4 
1ES 1312-423  
13 14 58.5  
-42 35 49 
W49A  
19 10 27.45 
+09 11 25 
W 49B 
19 11 07.3  
+09 09 37.0 
1ES 1215+303  
12 17 48.5  
+30 06 06 
HESS J1026-582  
10 26 38.4  
-58 12 00 
SN 1006 NE  
15 04 03.4  
-41 48 11 
SNR G318.2+00.1 
14 57 46  
-59 28 00 
HESS J1800-240C 
17 58 51.6  
-24 03 07.2 
HESS J1729-345  
17 29 35  
-34 32 22 
1ES 1741+196  
17 44 01.2  
+19 32 47 
CTA 1 
00 06 26  
+72 59 01.0 
VER J2016+371 
20 16 02  
+37 11 52 
1ES 0033+595  
00 35 16.8  
+59 47 24.0 
HESS J1832-093  
18 32 50  
-09 22 36 
HESS J1831-098  
18 31 25  
-09 54 00 
1ES 1727+502  
17 28 18.6  
+50 13 10 
SNR G015.4+00.1 
18 18 04.8  
-15 28 01 
Terzan 5  
17 47 49  
-24 48 30 
SNR G327.1-01.1 
15 54 37  
-55 05 27 
LHA 120-N 157B  
05 37 44  
-69 09 57 
HESS J1018-589 A  
10 18 58  
-58 56 43 
1ES 0647+250  
06 50 46.5  
+25 03 00 
KUV 00311-1938  
00 33 34.2  
-19 21 33 
PKS 0301-243  
03 03 23.49 
-24 07 35.86  
HESS J1458-608  
14 59 39  
-60 46 49 
HESS J1808-204  
18 08 37.3  
-20 25 36.3 
HESS J1641-463  
16 41 02.1  
-46 18 13 
RGB J0136+391 
01 36 32.5  
+39 06 00 
MS 1221.8+2452  
12 24 24.2  
+24 36 24 
H 1722+119  
17 25 04.3  
+11 52 15 
ARGO J1910+0720 
19 10 36  
+07 21 00 
ARGO J0409-0627 
04 09 24  
-06 27 00 
RBS 0723  
08 47 12.9  
+11 33 50 
SNR G349.7+00.2 
17 17 57.8  
-37 26 39.6 
RX J1136.5+6737 
11 36 30.1  
+67 37 04 
3C 58 
02 05 31  
+64 51 00 
Vela Pulsar 
08 35 20.7  
-45 10 35.2 
S3 0218+35  
02 21 05.5  
+35 56 14 
30 Dor C  
05 35 55  
-69 11 10 
LMC N132D 
05 25 02.20 
-69 38 39.0 
RGB J2243+203 
22 43 52  
+20 19 12 
S4 0954+65  
09 58 47.00 
+65 33 55.00  
VER J2019+368 
20 19 25  
+36 48 14 
HESS J1018-589 B  
10 16 31  
-58 58 48 
ARGO J2031+4157 
20 31 12  
+42 30 00 
PKS 1441+25 
14 43 56.9  
+25 01 44 
S3 1227+25  
12 30 14.1  
+25 18 07 
S2 0109+22  
01 12 05.8  
+22 44 39 
PKS 1440-389  
14 43 57.2  
-39 08 40 
PKS 0625-35 
06 26 58.2  
-35 29 50 
HESS J1534-571  
15 34 00  
-57 06 00 
VER J1746-289 
17 46 19.71 
-28 57 58.4 
HESS J1813-126  
18 13 21.66 
-12 41 13.6 
HESS J1826-130  
18 26 00.2  
-13 02 01.8 
HESS J1828-099  
18 28 58.72 
-09 59 33.8 
HESS J1832-085  
18 32 30  
-08 30 41 
HESS J1844-030  
18 44 41.22 
-03 05 34.6 
1HWC J1904+080c 
19 04 24  
08 00 00  
1HWC J1842-046c 
18 42 00  
-04 36 00 
HESS J1746-285  
17 46 23.86 
-28 52 33.4 
MAGIC J1857.2+0263  
18 57 13.0  
+02 37 31 
MAGIC J1857.6+0297  
18 57 35.6  
+02 58 02 
HESS J1852-000  
18 52 14  
00 05 56  
OT 081  
17 51 32.82 
+09 39 00.73  
1ES 2037+521  
20 39 23.5  
+52 19 50 
PKS 0736+017  
07 39 17.0  
+01 36 12 
RGB J2056+496 
20 56 42.7  
+49 40 07 
MAGIC J1746.4-2853  
17 46 25  
-28 52 55 
OJ 287  
08 54 49.1  
+20 05 58.89  
2HWC J0700+143  
07 00 28.8  
+14 19 12 
2HWC J0819+157  
08 19 55.2  
+15 47 24 
2HWC J1040+308  
10 40 52.8  
+30 52 12 
2HWC J1309-054  
13 09 14.4  
-05 29 24 
2HWC J1829+070  
18 29 21.6  
+07 01 48 
2HWC J1852+013* 
18 52 02.4  
+01 22 48 
2HWC J1902+048* 
19 02 02.4  
+04 51 36 
2HWC J1907+084* 
19 07 09.6  
+08 30 00 
2HWC J1914+117* 
19 14 43.2  
+11 43 12 
2HWC J1921+131  
19 21 12  
+13 07 48 
2HWC J1928+177  
19 28 36  
+17 46 48 
2HWC J1938+238  
19 38 58  
+23 48 36 
2HWC J1949+244  
19 49 40.8  
+24 27 36 
2HWC J1953+294  
19 53 02.4  
+29 28 48 
2HWC J1955+285  
19 55 19.2  
+28 35 24 
2HWC J2006+341  
20 06 12  
+34 10 48 
Eta Carinae 
10 44 35  
-59 39 56.6 
LMC P3  
05 36 00  
-67 35 11 
1RXS J023832.6-311658 
02 38 32.5  
-31 16 58 
2HWC J1844-032  
18 44 16.8  
-03 15 00 
2HWC J1837-065  
18 37 26.4  
-06 34 48 
2HWC J1825-134  
18 25 50.4  
-13 24 00 
TXS 0506+056  
05 09 25  
+05 42 09 
PSR J2032+4127  
20 32 10  
+41 27 34 
HAWC J0543+233  
05 43 07.2  
+23 24 00 
TON 0599  
11 59 31.8  
+29 14 44 
3C 264  
11 45 05.0  
+19 36 23 
HESS J1746-308  
17 46 17.13 
-30 50 28.0248  
PGC 2402248 
07 33 26.7  
+51 53 53.9 
Geminga Pulsar  
06 33 54.153  
+17 46 12.91  
HAWC J0635+070  
06 34 50.4  
+07 00 00 
2HWC J1819-150* 
18 19 19.2  
-15 03 36 
2HWC J1814-173  
18 14 04.8  
-17 18 36 
SS 433 e1 
19 13 37  
+04 55 48 
SS 433 w1 
19 10 37  
+05 02 13 
1ES 2322-409  
23 24 48.0  
-40 39 36.0 
GRB 190114C 
03 38 01.17 
-26 56 46.73  
MAGIC J1837-073 
18 37 21.6  
-07 16 48 
MAGIC J1835-069 
18 35 26.4  
-06 56 24 
TXS 0210+515  
02 14 17.9  
+51 44 52 
TXS 1515-273  
15 18 03.610  
-27 31 34.40  
GRB 180720B 
00 02 07.6  
-02 56 06 
GRB 190829A 
02 58 10.51 
-08 57 28.1 
RGB J2042+244 
20 42 06  
+24 26 52.3 
B2 1420+32  
14 22 30.38 
+32 23 10.44  
PSR B1706-44  
17 09 42.62 
-44 29 05.8 
Crab  
05 34 30.9  
+22 00 44.5 
Markarian 421 
11 04 19  
+38 11 41 
Markarian 501 
16 53 52.2  
+39 45 37 
1ES 2344+514  
23 47 04  
+51 42 49 
H 1426+428  
14 28 32.6  
+42 40 21 
1ES 1959+650  
19 59 59.8  
+65 08 55 
M 87  
12 30 47.2  
+12 23 51 
Galactic Centre 
17 45 39.6  
-29 00 22 
Cassiopeia A  
23 23 13.8  
+58 48 26 
SN 1006 
15 02 50  
-41 56 30 
RX J1713.7-3946 
17 13 33.6  
-39 45 36 
1ES 1440+122  
14 43 15  
+12 00 11 
Vela X  
08 35 00  
-45 36 00 
TeV J2032+4130  
20 31 33  
+41 34 38 
MilagroDiffuse  
20 20 00  
+38 00 00 
LS I +61 303  
02 40 34  
+61 15 25 
PKS 2155-304  
21 58 52.7  
-30 13 18 
1ES 1218+304  
12 21 26.3  
+30 11 29 
Centaurus X3  
11 21 15  
-60 37 24 
PSR B1259-63  
13 02 49.3  
-63 49 53 
HESS J1303-631  
13 02 48.0  
-63 10 39 
MSH 15-52 
15 14 07  
-59 09 27 
LS 5039 
18 26 15  
-14 49 30 
1ES 1101-232  
11 03 36.5  
-23 29 45 
RX J0852.0-4622 
08 52 00  
-46 22 00 
NGC 253 
00 47 06  
-25 18 35 
